;0;1;2;3;4;5;6;7;8;9;10;11;12;13;14;15;16;17;18;19;20;21
1.7712028208330721;2.8124568152030194e+34;2.8010824437977205e+35;7.30134145403044e+35;2.3533717675154447e+36;5.526418763177644e+36;6.507657447224276e+36;1.5503612550966526e+37;2.5661457205293785e+37;3.816480512288744e+37;5.924562425875191e+37;7.936516074935357e+37;2.2033864554606422e+38;3.126084168609212e+38;1.189641015872248e+39;2.6632602539773153e+39;5.4350488174906674e+39;8.623899793613384e+39;1.1223213373757143e+40;1.5737259963294628e+40;2.1561048170009079e+40;2.3922104200571304e+40;2.72218564120252e+40
1.766156658950357;1.0602426784482499e+35;2.419913733816603e+35;7.362346227596797e+35;1.9487830491193235e+36;5.502617166785174e+36;7.788971484800059e+36;1.7240945262829208e+37;2.6261818930055686e+37;4.551149530872303e+37;5.838799672474713e+37;7.9964412628057575e+37;2.2834439703089423e+38;4.4119856037458145e+38;1.3821809108547484e+39;3.195642311495754e+39;6.397792523828359e+39;9.900453799461885e+39;1.261569056828168e+40;1.905475581897819e+40;2.3874878978357674e+40;2.8241265181457245e+40;3.06340495556319e+40
1.761139168441975;1.0626554914668646e+35;3.6363960237572385e+35;5.319431836650123e+35;2.3242957769404766e+36;5.164469103842467e+36;1.0024002805916154e+37;1.9807939898028215e+37;2.775327480546206e+37;5.146017132804547e+37;6.4783622077607e+37;8.543015961953642e+37;2.3216369397291018e+38;5.05443081415756e+38;1.6435285872987418e+39;4.175910340323889e+39;7.315691960834426e+39;1.1547937163326615e+40;1.6018521029563706e+40;2.219753697668729e+40;2.683366164879141e+40;3.2841344935921254e+40;3.628166713305952e+40
1.7561501056418565;6.092722939109036e+34;4.088210157098432e+35;1.0088482707474402e+36;2.62661914193113e+36;7.49239185598056e+36;1.0562748084225644e+37;1.8660149250062323e+37;3.65764302323367e+37;5.220996265704447e+37;7.678105299318197e+37;9.864229171740766e+37;2.9429630191239412e+38;6.0372059950481194e+38;1.7152861971821497e+39;4.64469320229517e+39;8.913425933242498e+39;1.3080009260306682e+40;1.952645101115503e+40;2.482093101076993e+40;3.029730550882395e+40;3.8099666588353396e+40;4.227187075147736e+40
1.7511892296372182;1.5675677371765777e+35;3.9938820140266266e+35;8.424831535413381e+35;1.4622324599834938e+36;5.591078023326036e+36;1.0290616942642449e+37;2.1789293269808476e+37;3.447790026120755e+37;5.746143378756068e+37;8.228367288377606e+37;1.168505041356342e+38;3.659734114116066e+38;6.932173483343418e+38;2.2872334602969473e+39;5.395516366139002e+39;1.0232412727787632e+40;1.5158110601503916e+40;2.1988682982206157e+40;2.8235331469631767e+40;3.56533912286308e+40;4.448599151635205e+40;4.852637607520553e+40
1.7462563022297894;1.2783153703340226e+35;4.120319943227325e+35;1.1708629818357126e+36;3.4021232566963725e+36;7.10454396543786e+36;1.2109857048281012e+37;2.4398541216943495e+37;3.8308541992780124e+37;7.128003366505758e+37;9.841379519651936e+37;1.3396049812762796e+38;3.544710029771296e+38;9.4252722375195e+38;2.530524487240916e+39;6.481974976797159e+39;1.1805133357770983e+40;1.8076446541265622e+40;2.4945436017011655e+40;3.497086613573218e+40;4.234010777569923e+40;5.011446477798785e+40;5.608110251044759e+40
1.7413510878976834;1.551029797514409e+35;5.1329926920209915e+35;7.601682944022522e+35;3.126683552420069e+36;8.623362852809071e+36;1.4445325808980321e+37;3.1503219779129154e+37;4.780725467203169e+37;7.922867523850444e+37;1.0955903140566735e+38;1.5761961749518158e+38;4.7222738302734e+38;1.0988482853104398e+39;2.9545793789678044e+39;7.820980363942472e+39;1.432679364341517e+40;2.0504093971254649e+40;2.9072046850439117e+40;4.086227102700649e+40;4.895935108835111e+40;5.946653076562088e+40;6.54534463454858e+40
1.7364733537579138;1.683007162544804e+35;5.668537563585824e+35;1.6250598777925335e+36;3.8928774806776045e+36;9.780568593088477e+36;1.5575985264634444e+37;3.240406681966162e+37;5.300732478636174e+37;8.941918873395098e+37;1.1752858271332484e+38;1.8232801799682096e+38;6.051425266785807e+38;1.2083931299391378e+39;3.7045674358267456e+39;8.890369950623866e+39;1.705060364538407e+40;2.49810623576823e+40;3.3079867377745253e+40;4.661719207763073e+40;5.545503467661975e+40;7.242943820938429e+40;7.737118075595199e+40
1.73162286952954;1.721338715521937e+35;5.417378220720077e+35;1.6551512221475315e+36;4.173888919442658e+36;9.082490567668439e+36;1.8007963522176953e+37;3.565902709974871e+37;5.796821825982075e+37;1.0600973763841957e+38;1.4468156474644496e+38;2.1769409586021597e+38;7.392334268127017e+38;1.3176138774885657e+39;4.130364195315121e+39;1.0509312992911373e+40;1.8898645184611232e+40;2.9193301850772803e+40;3.867010875990319e+40;5.425294190763174e+40;6.464527032826173e+40;8.307131860665843e+40;8.822189295999614e+40
1.7267994074974242;1.707930000162771e+35;6.677160769593976e+35;1.6362117073143e+36;3.910102781444246e+36;9.296473869173262e+36;2.1807501145891503e+37;4.35420658728175e+37;7.066193337164217e+37;1.1979700463931948e+38;1.6346355142203341e+38;2.6013146057044875e+38;8.276367131549115e+38;1.6346865056453788e+39;4.781861791161154e+39;1.3020213267191608e+40;2.1825893621568307e+40;3.430619828784738e+40;4.636847515161356e+40;6.463654129086126e+40;7.855009828012633e+40;9.413206177127157e+40;1.018585060149134e+41
1.7220027424765978;2.6244706901468895e+35;9.018379169171894e+35;1.8815450094414828e+36;4.5141383101918373e+36;1.2136682643287449e+37;2.529355178599794e+37;4.823799980334711e+37;8.3356455260753385e+37;1.3072426429072524e+38;1.961738323053229e+38;2.932584790839833e+38;9.094168062499308e+38;1.9999789844997872e+39;5.731147134580177e+39;1.555761842136205e+40;2.6302612084111405e+40;4.073128547430301e+40;5.568009848444183e+40;7.572882747728345e+40;9.376730304930763e+40;1.1008207722088809e+41;1.226324708687243e+41
1.7172326517772167;2.5609655567975515e+35;9.889716368205723e+35;2.1500558726862045e+36;5.850167721696609e+36;1.5308148518841127e+37;3.065124245575213e+37;5.926561772692331e+37;9.124778399011713e+37;1.6171875106877691e+38;2.3323060497923815e+38;3.520543068241139e+38;1.0491009923366473e+39;2.1845473363133962e+39;6.740166533020293e+39;1.810579184844124e+40;3.108687904107773e+40;4.679411666280158e+40;6.576248216318805e+40;8.466599939448833e+40;1.0918726227726605e+41;1.2766195862729894e+41;1.3833172526499152e+41
1.7124889151700973;3.995060739387794e+35;1.2236528280942061e+36;2.4646556741211446e+36;7.509051826210784e+36;1.727886800137322e+37;3.44822694397168e+37;6.954777343159415e+37;1.166592334839511e+38;1.8481560102957854e+38;2.7714006730192997e+38;4.310741458973448e+38;1.2907576003502473e+39;2.5218386435342348e+39;8.120001021684381e+39;2.0848754569206639e+40;3.75662790252243e+40;5.386451480906305e+40;7.523561953596125e+40;1.0003487279317133e+41;1.2508560688327025e+41;1.4793024943295825e+41;1.5353008573200378e+41
1.7077713148528244;4.260933409259536e+35;1.016595755835216e+36;2.746108601414573e+36;8.804566704883727e+36;1.91367074410386e+37;4.055153577173561e+37;8.15914477629107e+37;1.3540592003919997e+38;2.2104857501138154e+38;3.1194479184116442e+38;4.977452533586695e+38;1.5565110221980056e+39;3.086909260875082e+39;9.722747277636178e+39;2.481215831211463e+40;4.445320257834873e+40;6.4873500972970685e+40;8.780392462008832e+40;1.170657343329794e+41;1.4140812431817833e+41;1.741872976407109e+41;1.8011606859388436e+41
1.7030796354164155;4.520394196079985e+35;1.5750284231710986e+36;3.8028235986733196e+36;1.0100197739086885e+37;2.290843163680041e+37;4.934827966510702e+37;9.632095750792754e+37;1.5913809193737495e+38;2.6186522320781143e+38;3.833527146483746e+38;5.9682270898151604e+38;1.8471278586064623e+39;3.913380381385499e+39;1.1631719070950243e+40;3.0520957591378853e+40;5.02041065992138e+40;7.921863483639574e+40;1.035622600364336e+41;1.3326549504682048e+41;1.6168095164084546e+41;2.0132724060191765e+41;2.0986464622613696e+41
1.6984136638125351;4.8102031465220354e+35;1.867343470220874e+36;3.73955289615342e+36;1.2116678204846576e+37;2.8086309807020583e+37;5.771338235830529e+37;1.1169015874872672e+38;1.9009493382106335e+38;3.0879250994007164e+38;4.6406294837763055e+38;7.304115737680437e+38;2.3572176770956857e+39;4.6414544573824915e+39;1.3389330075122433e+40;3.596368180365492e+40;6.128801829744709e+40;9.108489555731538e+40;1.2341329685105034e+41;1.5757246231769943e+41;1.8868757186331383e+41;2.268061313821525e+41;2.398066805389724e+41
1.693773189321244;5.91699535843486e+35;2.06672254936528e+36;5.0466969895288013e+36;1.4192410895194023e+37;3.125974013120638e+37;6.814258047281534e+37;1.3647352417120504e+38;2.1438760081664283e+38;3.624567117075747e+38;5.2999824132405544e+38;8.384422985654936e+38;2.6295682528375048e+39;5.505410707916865e+39;1.5646894373865028e+40;4.2535171798033507e+40;7.439037798470799e+40;1.0458962712653471e+41;1.4145494984080403e+41;1.8271182858141613e+41;2.175383425779964e+41;2.569258308633233e+41;2.777505141652103e+41
1.6891580035192786;7.982623784031663e+35;2.6553619139323804e+36;5.680705893738874e+36;1.633605713662134e+37;3.839175768540795e+37;8.132500954015286e+37;1.6380912150769161e+38;2.5684096947887062e+38;4.363050983719146e+38;6.373092708444209e+38;9.906666742767502e+38;2.9387324963846156e+39;6.388973530135997e+39;1.9178504422583573e+40;4.964561769833272e+40;8.538864064575346e+40;1.2137819389853058e+41;1.5955454401370789e+41;2.0721443627057036e+41;2.5133797290244737e+41;2.9618254979414424e+41;3.2120287571508394e+41
1.6845679002488458;8.251636106745081e+35;2.949808074134113e+36;6.752784728326743e+36;1.856910160176138e+37;4.624340682419606e+37;9.898187355754957e+37;1.910686008346782e+38;3.025618616122027e+38;5.14407565754954e+38;7.586467518845202e+38;1.1903998686333958e+39;3.641342009660584e+39;7.705061409990567e+39;2.266300498865722e+40;5.636746163400978e+40;9.724147567082916e+40;1.4169663607926617e+41;1.8425600095704087e+41;2.399988970656043e+41;2.890389509073217e+41;3.429417421332458e+41;3.659164743400846e+41
1.6800026755869248;1.0533479148224551e+36;3.44884946649207e+36;7.813828337882795e+36;2.2483930721833007e+37;5.5893956823953895e+37;1.1592921935879656e+38;2.256243647997274e+38;3.714414375387329e+38;6.012318607445884e+38;8.706116685273437e+38;1.4272675768730062e+39;4.286245557583095e+39;9.336943333024005e+39;2.5599428141343337e+40;6.68731784491902e+40;1.123290539204824e+41;1.6682217729097002e+41;2.1984970647724406e+41;2.819930807327126e+41;3.290953333769815e+41;3.900571040957869e+41;4.120679922000523e+41
1.6754621278150683;1.2076930516568466e+36;4.2283797456483863e+36;9.516258576635013e+36;2.414330547038323e+37;6.839661835226474e+37;1.3440570423552888e+38;2.6690197920855884e+38;4.39432574717483e+38;7.23644412297034e+38;1.063131130268495e+39;1.7209138192714743e+39;5.022873395262886e+39;1.0533096517385701e+40;2.9263462370814343e+40;7.864427628981964e+40;1.3095173286508568e+41;1.9169139192606025e+41;2.5569945228808688e+41;3.2534247471016774e+41;3.789711300142755e+41;4.464129590455302e+41;4.78345891242043e+41
1.6709460573896908;1.571213621783619e+36;4.8546823433616073e+36;1.0650276107960425e+37;3.0752588040187214e+37;7.672123857396471e+37;1.6008767190535703e+38;3.2084283293634653e+38;5.031086855752491e+38;8.546289055326765e+38;1.242840061028222e+39;2.0370202673327593e+39;6.129306954718962e+39;1.2232458677783908e+40;3.5541212960934604e+40;9.433061116508268e+40;1.5280532343555286e+41;2.2082686585899784e+41;2.929718812702825e+41;3.741140792103535e+41;4.3340659978820426e+41;5.106208541197035e+41;5.4074936811629365e+41
1.6664542669128366;1.6971320240625737e+36;5.922005333427192e+36;1.3466525095447422e+37;3.4209045637125565e+37;9.666200568071786e+37;1.878705476323563e+38;3.7685844260166905e+38;6.141425801452554e+38;9.908401983329368e+38;1.4757704468534435e+39;2.4011405188258228e+39;6.997934945415277e+39;1.438661449454421e+40;4.2799701290090905e+40;1.08849470381315e+41;1.7635630502093445e+41;2.5274068197254072e+41;3.328643013981218e+41;4.270848850734424e+41;4.959045339837124e+41;5.833872369304125e+41;6.124565616526915e+41
1.661986561103419;2.076649053804247e+36;6.761048363009404e+36;1.5786500582361162e+37;4.099401415339688e+37;1.1819788063490029e+38;2.210950106451015e+38;4.5165194048038165e+38;7.17489796548487e+38;1.1747888180439277e+39;1.7353641071526382e+39;2.8240034308141285e+39;8.23341743173694e+39;1.7464964778862633e+40;5.052260104666026e+40;1.2542389134285264e+41;2.042993249013425e+41;2.9325908378763422e+41;3.849571478996341e+41;4.8887484649117666e+41;5.612794938384512e+41;6.6726724832706526e+41;7.007069718063867e+41
1.6575427467689177;2.340497807711262e+36;8.240134780767569e+36;1.8609006827169432e+37;4.833393945909259e+37;1.3493020922132959e+38;2.6430425545969642e+38;5.2672668589402796e+38;8.432158867773498e+38;1.3901949665347245e+39;2.053160099895377e+39;3.347240493721803e+39;9.932988427153089e+39;2.0261029926484626e+40;5.909746953724867e+40;1.4717687770981631e+41;2.4003040406854874e+41;3.4537343347064324e+41;4.496636849998568e+41;5.686954018982135e+41;6.4445506298677364e+41;7.555515228434969e+41;7.870195374023153e+41
1.6531226327775341;2.867510303225305e+36;1.0220380347000737e+37;2.3236586184819236e+37;5.869692039736866e+37;1.4954038624566357e+38;3.124793338638255e+38;6.277734682900216e+38;1.0055920344381868e+39;1.6500918751681383e+39;2.4242836692826582e+39;4.0235546670957575e+39;1.1745849009025872e+40;2.39866580411349e+40;6.952410317124718e+40;1.7246904643236253e+41;2.7951678970388644e+41;4.0352372981055666e+41;5.1229397481386874e+41;6.5106274717916054e+41;7.559809716283291e+41;8.658753539585389e+41;9.014066028835883e+41
1.6487260300307853;3.385375698750271e+36;1.1715446256858375e+37;2.6736266391186286e+37;6.948568654723128e+37;1.7161466932124756e+38;3.6677201333998194e+38;7.451899002956435e+38;1.184638602703683e+39;1.9285631192736133e+39;2.850231529722587e+39;4.772447435428849e+39;1.3543462070612766e+40;2.9469021104163665e+40;8.165815247600958e+40;2.010338056247259e+41;3.27037536037153e+41;4.618060173898323e+41;5.848951145856492e+41;7.325279873721888e+41;8.636342456483658e+41;9.939514725680375e+41;1.0355020030104604e+42
1.6443527514365393;4.108026642729787e+36;1.4056960785871983e+37;3.0176402375366014e+37;8.055295950848766e+37;2.1455842248241557e+38;4.368894605305839e+38;8.60913596159466e+38;1.402786727616179e+39;2.278911093672811e+39;3.421568598569121e+39;5.620879037284405e+39;1.547515381431465e+40;3.530076845664145e+40;9.68404537107398e+40;2.332964006505348e+41;3.802004545420782e+41;5.3551619020064694e+41;6.722849117406183e+41;8.3573384318014e+41;9.679792310590418e+41;1.1366693590927306e+42;1.1732429612098415e+42
1.6400026118824742;4.741088478566054e+36;1.6589688739440014e+37;3.5687532907220683e+37;9.611262815235133e+37;2.5946708145404622e+38;5.157732676509007e+38;1.0165877519826806e+39;1.63872638599352e+39;2.7126905082673647e+39;4.0355611265862533e+39;6.668625389117889e+39;1.868957663708808e+40;4.0831282420707417e+40;1.138337092851731e+41;2.7503937287720367e+41;4.356725714732504e+41;6.1041363607560305e+41;7.722771411261762e+41;9.661284036434853e+41;1.1024820881131535e+42;1.3075982486295423e+42;1.3380904356345087e+42
1.635675428209961;5.735704992294892e+36;1.9300696431464551e+37;4.327014767185731e+37;1.1298157619499305e+38;2.9801856487213296e+38;6.047434358849974e+38;1.2303313676740097e+39;1.924040239855945e+39;3.2028774400184136e+39;4.7932881607788675e+39;7.866028768246167e+39;2.253583465669988e+40;4.731945788207965e+40;1.3369707913680177e+41;3.1416822280910894e+41;5.088723020184609e+41;7.054638972560598e+41;8.870473679760668e+41;1.1099952281030843e+42;1.264532165871982e+42;1.4781789731449327e+42;1.5282345778302548e+42
1.631371019188356;6.562876310598579e+36;2.3001679597671623e+37;4.9592541588121275e+37;1.3188557206545846e+38;3.436187172041093e+38;7.201170977961241e+38;1.4346934281599096e+39;2.278277250894871e+39;3.776228894304668e+39;5.673023184006094e+39;9.353801161499195e+39;2.6372667049394e+40;5.550055516885873e+40;1.5355585911898432e+41;3.630024751119909e+41;5.859263576472922e+41;8.070322422125367e+41;1.011745688355985e+42;1.2559060913194292e+42;1.4577469150380763e+42;1.665830020992698e+42;1.7220641397803467e+42
1.6270892054896988;7.929915610019181e+36;2.710929776105215e+37;6.110715281622747e+37;1.6154471440499654e+38;4.175182278257677e+38;8.49187892292462e+38;1.6785636886395372e+39;2.6945737657532535e+39;4.426010180703637e+39;6.586568035405573e+39;1.0990872870026392e+40;3.090290299328908e+40;6.587502639537717e+40;1.8062269509840025e+41;4.242023164095083e+41;6.770405021313861e+41;9.24081722399151e+41;1.1729123409043455e+42;1.45133276526116e+42;1.6609705643527654e+42;1.872004225115439e+42;1.9450549814852477e+42
1.6228298096638096;9.328958055822409e+36;3.1739502144328e+37;7.073906074641916e+37;1.874877639318188e+38;4.754185992115829e+38;1.0015238167274396e+39;1.992612572658821e+39;3.171228444757614e+39;5.1832667297489905e+39;7.578900555972656e+39;1.2785335790464186e+40;3.66659533708998e+40;7.790411434789526e+40;2.0942981626069164e+41;4.928248203193039e+41;7.837204134513952e+41;1.0685834192030802e+42;1.3628212072681588e+42;1.6574247146157256e+42;1.8891684689359075e+42;2.1244278911152363e+42;2.2118870578496056e+42
1.6185926561137736;1.0767051392737703e+37;3.655911618493198e+37;8.295561266424187e+37;2.1832661133921764e+38;5.534445237715879e+38;1.1573661125987241e+39;2.299237914892425e+39;3.695684561044623e+39;6.120875333898511e+39;8.89354540286882e+39;1.4957537708487838e+40;4.3245591349624833e+40;9.082999393789343e+40;2.4371230065729264e+41;5.7719239404541366e+41;9.01947110629329e+41;1.225730642680496e+42;1.543588459732137e+42;1.8785054657439483e+42;2.1488469705662118e+42;2.4233804757539834e+42;2.509798497659852e+42
1.6143775710718105;1.2762340407410096e+37;4.410194115280793e+37;9.63435622381763e+37;2.606965257747113e+38;6.575432361272834e+38;1.3625334476219724e+39;2.6929679089191617e+39;4.3078165292679046e+39;7.142135281774187e+39;1.0497718620521117e+40;1.7313410600623694e+40;5.065456723799241e+40;1.0621867906197628e+41;2.865364160852683e+41;6.712890174589778e+41;1.03901988778892e+42;1.4051317668846423e+42;1.7544627344075673e+42;2.1383984277106048e+42;2.4293829552943676e+42;2.7464597186597968e+42;2.820020669109376e+42
1.6101843825755202;1.5033799247472634e+37;5.133186543517557e+37;1.1199645467896392e+38;3.041032121277654e+38;7.50382249897961e+38;1.5952921380463047e+39;3.164618624778812e+39;4.978146849890276e+39;8.353840512560669e+39;1.212362765466935e+40;2.0292847280838952e+40;5.8883945418620615e+40;1.240284700946315e+41;3.3578828377213852e+41;7.736243549089296e+41;1.2014028361381431e+42;1.613930899112843e+42;2.0053966344308233e+42;2.4275055529417932e+42;2.7615247252624026e+42;3.091441291110112e+42;3.1881924700984715e+42
1.6060129204444955;1.762184586087431e+37;5.931580242007302e+37;1.2958073734907444e+38;3.44975364836801e+38;8.922404690982913e+38;1.8556471292190257e+39;3.673400436025457e+39;5.822494399792393e+39;9.776779925823335e+39;1.4175718412936085e+40;2.377306716740641e+40;6.928408708626654e+40;1.4371760839870442e+41;3.8788112264603726e+41;8.970200198941044e+41;1.3789297787138703e+42;1.8701139020327885e+42;2.3006091363069093e+42;2.771167885880104e+42;3.138507074547526e+42;3.527277419871476e+42;3.63884495676671e+42
1.6018630162573004;2.09153650445435e+37;7.049931735957935e+37;1.5669747660736445e+38;4.130008848686351e+38;1.0596446984416207e+39;2.1589070143047782e+39;4.243721357812582e+39;6.775476777786329e+39;1.1195575267174639e+40;1.6619233925319296e+40;2.771620404574145e+40;8.022730280216723e+40;1.6546598811772358e+41;4.490628289051981e+41;1.035109691783662e+42;1.5905079523289496e+42;2.1365321279870865e+42;2.642823414349095e+42;3.152705748579142e+42;3.5755333802970916e+42;4.0325938892837555e+42;4.1161197642946343e+42
1.5977345033288022;2.407535787281832e+37;8.2570983068802025e+37;1.762306421488756e+38;4.7789764405129434e+38;1.205315534015173e+39;2.4886447377710448e+39;4.9790943482476636e+39;7.932629902790132e+39;1.3038760706529945e+40;1.9241521651393062e+40;3.1996314240996056e+40;9.386581796763171e+40;1.9533000570549444e+41;5.240547710055968e+41;1.1922668091668354e+42;1.8416600731482822e+42;2.446369690571409e+42;3.013479861110499e+42;3.600435744608123e+42;4.1006054318133844e+42;4.5529028761663716e+42;4.6537033360909316e+42
1.5936272166878542;2.832471369804942e+37;9.26126704865432e+37;2.0821496200676386e+38;5.659231635354465e+38;1.4274645389672308e+39;2.9142057914007214e+39;5.741849222844289e+39;9.16231578874948e+39;1.4914132072465944e+40;2.2294522401193954e+40;3.717793903674236e+40;1.0964271898396183e+41;2.2791860214484352e+41;6.074155968210575e+41;1.3792767800528574e+42;2.1225545893043195e+42;2.813472526089277e+42;3.4441863182140486e+42;4.1015193879787534e+42;4.620528523240392e+42;5.124804738373847e+42;5.2488209409685714e+42
1.5895409930553213;3.285919688531363e+37;1.1251241602841231e+38;2.4614001428745276e+38;6.4137582619153174e+38;1.648886471184283e+39;3.3765201169824353e+39;6.701118205981979e+39;1.0732647706491443e+40;1.7393781005335828e+40;2.5882162186366505e+40;4.318309455254804e+40;1.2814616407568886e+41;2.6415091656020346e+41;7.048388216306501e+41;1.5937842961489155e+42;2.433449303830345e+42;3.2148967349777913e+42;3.913151471148638e+42;4.6713384656475715e+42;5.223586300233864e+42;5.780736227933762e+42;5.922607511895416e+42
1.5854756708224431;3.8048593188282705e+37;1.2976401263398764e+38;2.8580358529040514e+38;7.462977848356175e+38;1.9234647972562403e+39;3.9144697932271826e+39;7.802353610852806e+39;1.2393291867216255e+40;2.0316514529272182e+40;3.0126322433074544e+40;4.978078948660946e+40;1.4864174511722827e+41;3.0413600050001604e+41;8.222820359903628e+41;1.8274767711732434e+42;2.7912241272190916e+42;3.670372184601324e+42;4.466917902088423e+42;5.298069841609285e+42;5.898595026285667e+42;6.502746683160043e+42;6.67420522634583e+42
1.5814310900295288;4.485501868007985e+37;1.502607004319921e+38;3.33749009248129e+38;8.737628263766272e+38;2.2041682904314583e+39;4.591548236606012e+39;9.071133299885856e+39;1.4325089450756441e+40;2.3709693742667507e+40;3.4951057807987e+40;5.718293292227047e+40;1.7132014490400881e+41;3.5457928885152955e+41;9.453245228553596e+41;2.106937890288471e+42;3.1932444784241855e+42;4.182202845355706e+42;5.094164748645202e+42;5.984118020364048e+42;6.615474802721662e+42;7.325198171230492e+42;7.510514798607885e+42
1.5774070923449752;5.186140315311689e+37;1.7460477906226657e+38;3.837252657500685e+38;1.0067924054478683e+39;2.535060555895964e+39;5.3149437857305594e+39;1.0437565305907646e+40;1.663382979951168e+40;2.748874034405251e+40;4.0336595566644473e+40;6.665469195804928e+40;2.0052734313107462e+41;4.120432258875135e+41;1.0858351518185424e+42;2.4342220347197576e+42;3.649491738596609e+42;4.7704565916211595e+42;5.785200808722848e+42;6.789447156573717e+42;7.51891999281917e+42;8.262291230492161e+42;8.433705636921208e+42
1.5734035210446073;6.037516763891488e+37;2.0248460413314744e+38;4.433844736530443e+38;1.184392341526387e+39;2.9297227169787736e+39;6.146372277798742e+39;1.2182116888973551e+40;1.9215561703328768e+40;3.172761230753747e+40;4.6685752148052995e+40;7.732670587001647e+40;2.341513886631007e+41;4.751316581110853e+41;1.2540271194583807e+42;2.787429105939559e+42;4.125763080247486e+42;5.432375086436538e+42;6.527702210421626e+42;7.650246329481613e+42;8.500088947308727e+42;9.266302739367305e+42;9.391500844313095e+42
1.5694202209913297;6.974121675930638e+37;2.3448338677604764e+38;5.193211466865092e+38;1.367752513338318e+39;3.386362644660583e+39;7.053264651183873e+39;1.4011607671074045e+40;2.216919797596714e+40;3.641740586274058e+40;5.395909982553255e+40;8.971626237075418e+40;2.7067158956260804e+41;5.47459257887839e+41;1.4550664826948417e+42;3.1577660658710986e+42;4.6807681409949356e+42;6.138536714297765e+42;7.354778557439442e+42;8.602558429648111e+42;9.496295579175723e+42;1.0342927043705678e+43;1.0417839067915677e+43
1.5654570386150892;8.050913502489082e+37;2.7244406272406392e+38;6.02425759590116e+38;1.5736654202198213e+39;3.9642284047425824e+39;8.183740919581511e+39;1.6199662587868484e+40;2.563294128355954e+40;4.230897611815591e+40;6.198698561744278e+40;1.0369809277094461e+41;3.120573934816898e+41;6.358967096374655e+41;1.66919892765803e+42;3.603967718022446e+42;5.3311442334759756e+42;6.915685196087395e+42;8.30547111746e+42;9.651728840821726e+42;1.0671661557056845e+43;1.1565127909238348e+43;1.1692709381187222e+43
1.5615138218931368;9.267554395604098e+37;3.1162163956429308e+38;6.895009801299427e+38;1.8136132110085702e+39;4.569756395707835e+39;9.463507296848102e+39;1.8783738780268204e+40;2.9655545067856043e+40;4.883669424946116e+40;7.114355783804544e+40;1.1956779859560357e+41;3.563868203240063e+41;7.262920364126415e+41;1.9006604524326985e+42;4.1117902355228616e+42;6.0419723813635e+42;7.794209042726963e+42;9.353721404162971e+42;1.0807605741206635e+43;1.1935721947475665e+43;1.2849917971300559e+43;1.3042864496073787e+43
1.557590420330591;1.081746183115572e+38;3.613865179099155e+38;8.033746226074164e+38;2.103434049986042e+39;5.2575809199642034e+39;1.0927774279164563e+40;2.1696766193001491e+40;3.4073227052938894e+40;5.628359618650449e+40;8.311355375295683e+40;1.3774137682953864e+41;4.1023149897687314e+41;8.316865715059669e+41;2.1850552298782287e+42;4.664812155923537e+42;6.83762185424926e+42;8.78535387689909e+42;1.0501093493804488e+43;1.2077158234593298e+43;1.326934337812963e+43;1.4275405593903126e+43;1.4432528086457632e+43
1.5536866849412914;1.2580055111448474e+38;4.214448006417418e+38;9.2043794866166e+38;2.396393161187987e+39;6.048265425704255e+39;1.262174571590789e+40;2.496658845073434e+40;3.9468524652509246e+40;6.530323640545682e+40;9.5797239921857e+40;1.5771030887223067e+41;4.716223363770284e+41;9.573701561262387e+41;2.496332374927029e+42;5.281616755372466e+42;7.711271903649309e+42;9.858691703955761e+42;1.1799472634898052e+43;1.351522347520626e+43;1.4786611221926338e+43;1.5952046102647087e+43;1.6007852208495065e+43
1.5498024682289382;1.4437497947196937e+38;4.859481305031193e+38;1.068982657254183e+39;2.782047638637605e+39;7.119767255172038e+39;1.464007737220758e+40;2.8917040071525086e+40;4.506106752255862e+40;7.504081639350312e+40;1.1051225139679902e+41;1.8181767950736358e+41;5.3893220849776446e+41;1.1066854212336126e+42;2.830798446292441e+42;5.98630338140262e+42;8.629626621120226e+42;1.1069042384559521e+43;1.3187032677658525e+43;1.5080289667546668e+43;1.6342246809134175e+43;1.7631982213612515e+43;1.767940302098057e+43
1.545937624168517;1.6654249855976982e+38;5.596828995590286e+38;1.2373805301222969e+39;3.227721682110695e+39;8.173343913962027e+39;1.6761406261570914e+40;3.333044980633574e+40;5.264589062080835e+40;8.581726756692803e+40;1.265400672311751e+41;2.0995117369320406e+41;6.135514110730407e+41;1.257452777693656e+42;3.201568541748503e+42;6.746673100404202e+42;9.72730848898345e+42;1.2350104085852875e+43;1.4595022681600548e+43;1.658564856012072e+43;1.8044700501825895e+43;1.9316772842100712e+43;1.9472926759415373e+43
1.542092008187998;1.9252309061413116e+38;6.4033886692505555e+38;1.4221167487704506e+39;3.743399740956444e+39;9.447946241243799e+39;1.933471987968814e+40;3.8048552015013923e+40;6.0421711414737145e+40;9.918943960536424e+40;1.463909199390798e+41;2.4147645601501753e+41;7.075270767065867e+41;1.4367577507553734e+42;3.631265516489157e+42;7.621761628609984e+42;1.0954755512413518e+43;1.3788079633318085e+43;1.6256961310773508e+43;1.8321722304523514e+43;2.0010663925685628e+43;2.1364086384871827e+43;2.148982449026195e+43
1.5382654771503108;2.2126093428409973e+38;7.444543044323584e+38;1.627073932481049e+39;4.298070318913684e+39;1.0824083974613195e+40;2.2353905395599354e+40;4.431644553545777e+40;7.000262481406604e+40;1.1421866170978717e+41;1.6928065858507273e+41;2.788474045039721e+41;8.128285672103213e+41;1.642605828131663e+42;4.133511638812468e+42;8.578657885442483e+42;1.2265162682308778e+43;1.5364791686357285e+43;1.8063980750366596e+43;2.0312742241633904e+43;2.2146186549420548e+43;2.347519723299366e+43;2.365791813711488e+43
1.5344578893355825;2.5645778527723742e+38;8.647110737652351e+38;1.901962628708182e+39;4.946600825555556e+39;1.2414361228755367e+40;2.56701407050536e+40;5.058017202797758e+40;8.047033260896938e+40;1.3026603746821998e+41;1.9396399285070578e+41;3.2013930933482584e+41;9.258756227339105e+41;1.8624884162425546e+42;4.683866949839084e+42;9.597977619595525e+42;1.366743977617311e+43;1.7013639047209675e+43;1.9823422367460917e+43;2.2445508846989526e+43;2.419697760663242e+43;2.566315643508934e+43;2.5752879229284567e+43
1.5306691044236427;2.9462734782836417e+38;9.87713251146122e+38;2.195085214321888e+39;5.727178215321883e+39;1.4244391941079343e+40;2.9525327572988363e+40;5.822158271775465e+40;9.195309627585548e+40;1.5087360306793564e+41;2.2300298328637646e+41;3.733807094874716e+41;1.0549842607346721e+42;2.1151642088705867e+42;5.297965164360519e+42;1.0760185182977916e+43;1.5159345179521925e+43;1.8821238204070102e+43;2.1827296775014343e+43;2.475995665925146e+43;2.632004938776151e+43;2.8187337317198693e+43;2.8033843308166586e+43
1.5268989834767863;3.409270704599355e+38;1.1384828842019401e+39;2.5002882128321054e+39;6.550806499916658e+39;1.6488061885643098e+40;3.4073234872073126e+40;6.670309614203197e+40;1.056585012889237e+41;1.7355757107288661e+41;2.5675732269403918e+41;4.270201912373355e+41;1.1950147480617041e+42;2.389040367909199e+42;5.956142554629049e+42;1.1979621758869574e+43;1.678499713325087e+43;2.078312414935088e+43;2.385049928629897e+43;2.700677652393563e+43;2.8909938156623714e+43;3.0766680830162803e+43;3.051210240642613e+43
1.5231473889227893;3.947562958898596e+38;1.3129611665664698e+39;2.872893372296378e+39;7.559585556658297e+39;1.8970743430987698e+40;3.912677234108333e+40;7.708945161489557e+40;1.2181111472227863e+41;2.0075876911308616e+41;2.948271519979056e+41;4.86244612862081e+41;1.3498605523098747e+42;2.7052797514390722e+42;6.668685780305823e+42;1.3309416676018337e+43;1.866382818760913e+43;2.2940076102560664e+43;2.6224431895384334e+43;2.9410306112156123e+43;3.1480450933807015e+43;3.3193813399314067e+43;3.3086546010461823e+43
1.5194141845381748;4.521069209583284e+38;1.5120231061616443e+39;3.331822123290182e+39;8.722868137145074e+39;2.1708167913363603e+40;4.48847146844479e+40;8.786102342930924e+40;1.400991845542086e+41;2.2835122355830493e+41;3.3979638066526648e+41;5.607837345318696e+41;1.536788794948152e+42;3.071664236770224e+42;7.473419608662666e+42;1.482854609898287e+43;2.0637714867748692e+43;2.519210931962233e+43;2.884846479740194e+43;3.219444791710459e+43;3.432397883497783e+43;3.6020730375818927e+43;3.593054176731562e+43
1.5156992354317245;5.2044927606182384e+38;1.7300973986179523e+39;3.8157956012944e+39;9.860110799159484e+39;2.4931017193851775e+40;5.14831540397742e+40;1.016964834219731e+41;1.5983622205535181e+41;2.6086102880841134e+41;3.88173267445932e+41;6.410904550319938e+41;1.753643378182707e+42;3.4607298300796576e+42;8.373968090387416e+42;1.643917356698006e+43;2.266749767232325e+43;2.7675203164312777e+43;3.1515581915722797e+43;3.497568524160773e+43;3.72222498873606e+43;3.8917418400829903e+43;3.891918337397506e+43
1.5120024080282324;5.95554553944641e+38;1.9788119907205833e+39;4.361217243972687e+39;1.1284452440520806e+40;2.835023102368886e+40;5.884180025840671e+40;1.1593446634802462e+41;1.8337556294865052e+41;2.956778907505337e+41;4.411772512750237e+41;7.176238661106391e+41;1.982096989554229e+42;3.8976114022125705e+42;9.34621791688209e+42;1.8206096282448724e+43;2.4800489148111465e+43;3.021908036651274e+43;3.4194514002941763e+43;3.769672036659741e+43;4.003148413309212e+43;4.1936354974094434e+43;4.1819299994925104e+43
1.5083235700524946;6.797591302985503e+38;2.2607364451071273e+39;4.946749893015732e+39;1.297236119595248e+40;3.2413958367359355e+40;6.707557069596777e+40;1.3185817614301553e+41;2.078621120542012e+41;3.4212830126196826e+41;4.9879224346466e+41;8.246068677669768e+41;2.2348452224193768e+42;4.3959628633638506e+42;1.0442174124425118e+43;2.00137797497157e+43;2.721806907984208e+43;3.275368888643214e+43;3.705519506505588e+43;4.075302144580461e+43;4.324381972128102e+43;4.52275818237662e+43;4.476275642766299e+43
1.5046625905135322;7.801603999036724e+38;2.5653379940041877e+39;5.634719855048643e+39;1.467336920488395e+40;3.6654268342020926e+40;7.624968420391306e+40;1.4981658914458458e+41;2.3517650182033455e+41;3.8902109159197064e+41;5.643855703873876e+41;9.405208999658677e+41;2.5165099775622054e+42;4.923118494375551e+42;1.1637116200927965e+43;2.1998519552801584e+43;2.9808085394184084e+43;3.5598763575031477e+43;4.022716190222462e+43;4.40862790173787e+43;4.656403698074239e+43;4.843018019147343e+43;4.801964977028732e+43
1.5010193396890443;8.937661236413455e+38;2.931275294867454e+39;6.420096326332533e+39;1.6842142826446054e+40;4.155197369512279e+40;8.67728463035641e+40;1.7109942520123098e+41;2.6968586217834384e+41;4.39648136362475e+41;6.471168728630842e+41;1.0616546567441102e+42;2.8315104848978515e+42;5.511316792272417e+42;1.2915113848849304e+43;2.407694274007035e+43;3.2323849900105766e+43;3.861319822233314e+43;4.352005548530711e+43;4.740993083240215e+43;4.993553512036481e+43;5.184676178265631e+43;5.140902816979604e+43
1.4973936891100852;1.0218357947980808e+39;3.3381290395203784e+39;7.346620616082496e+39;1.9124140998572185e+40;4.800585593526821e+40;9.895062651731294e+40;1.9460305996756443e+41;3.063624038523425e+41;4.9819062957237085e+41;7.335546344777678e+41;1.2130809927857445e+42;3.191767399678002e+42;6.17304250016519e+42;1.4227204617817876e+43;2.630996796186909e+43;3.5191608744827e+43;4.1709833337896813e+43;4.664738546408224e+43;5.07461100654197e+43;5.3410910504867225e+43;5.56659719881845e+43;5.503289210115347e+43
1.4937855115459644;1.1521116748417261e+39;3.802950988862915e+39;8.330055870337103e+39;2.1763705296874355e+40;5.426021967222886e+40;1.1236862429671198e+41;2.2040321872952178e+41;3.474226495358209e+41;5.6696688291137985e+41;8.364136786379133e+41;1.3801337637009705e+42;3.592337307348578e+42;6.919558527451838e+42;1.5689790714613058e+43;2.891963733985615e+43;3.828933246084321e+43;4.485463952369719e+43;5.001792338746333e+43;5.443671537101139e+43;5.714186628523745e+43;5.930150146489805e+43;5.876978985550884e+43
1.4901946809893636;1.3084289086803904e+39;4.311293980916774e+39;9.436651808691017e+39;2.4638408206194783e+40;6.119401156087234e+40;1.2718806885214509e+41;2.500846461400319e+41;3.909999890569835e+41;6.418124583416483e+41;9.394307968720422e+41;1.549240994283902e+42;4.023203862482685e+42;7.707102210678083e+42;1.738898299758192e+43;3.140704667946598e+43;4.129336521646557e+43;4.8176470401044e+43;5.352778980215828e+43;5.800566707611696e+43;6.066996141224229e+43;6.267818174063851e+43;6.239247736172825e+43
1.4866210726416673;1.4870930972913937e+39;4.893632495047805e+39;1.0660852219680579e+40;2.7754947762881712e+40;6.957930788770723e+40;1.4376813360416099e+41;2.8093457916000673e+41;4.429620889022895e+41;7.235309398119077e+41;1.0548053188219512e+42;1.7422219837750042e+42;4.5221508579577203e+42;8.553193393396003e+42;1.910798032498938e+43;3.3953077872232625e+43;4.4278629430805064e+43;5.175680632636871e+43;5.71986353388317e+43;6.186749636559369e+43;6.448331050091186e+43;6.645440784421425e+43;6.61080485451037e+43
1.4830645628985055;1.6823361659238473e+39;5.530194022140475e+39;1.2131255989781327e+40;3.1557120626939877e+40;7.887233781148654e+40;1.62725473389743e+41;3.170452676840392e+41;4.9757509461883305e+41;8.112719025479953e+41;1.1884055864031245e+42;1.9367515940570506e+42;5.051882255511249e+42;9.473009187663046e+42;2.087803099340201e+43;3.667414990273165e+43;4.739026413317912e+43;5.536122341493882e+43;6.105547778775503e+43;6.556451657196697e+43;6.830593084481008e+43;7.038523814697706e+43;7.000906872169196e+43
1.4795250293355018;1.9038766008708257e+39;6.277654276484323e+39;1.3659084733982784e+40;3.554110356217672e+40;8.891667413717258e+40;1.8369368385248432e+41;3.58733146696204e+41;5.6060409269215356e+41;9.160977278588859e+41;1.3385272530825605e+42;2.1624288262868438e+42;5.654262952276717e+42;1.0522429252736174e+43;2.2845528406524373e+43;3.967258917638722e+43;5.095896677067407e+43;5.880503227653417e+43;6.501940369117654e+43;6.965788191773974e+43;7.244326961553796e+43;7.448746879013757e+43;7.417459497481732e+43
1.4760023506942268;2.1502845158932453e+39;7.034522195015092e+39;1.5441966424613808e+40;3.9884307361669505e+40;9.99984895186229e+40;2.0593397466992513e+41;4.021900321301474e+41;6.308979575094906e+41;1.0189086385329776e+42;1.4899209547121914e+42;2.4583817736918838e+42;6.334097690402365e+42;1.1729010970534187e+43;2.49131148486324e+43;4.284379636215829e+43;5.48028601631168e+43;6.286982857086212e+43;6.907501487087745e+43;7.423312539236627e+43;7.715083029236658e+43;7.914278543326197e+43;7.872645131697122e+43
1.4724964068683497;2.4188890029733932e+39;7.922835860707152e+39;1.7315164321885619e+40;4.484412698618212e+40;1.1233841476619296e+41;2.3100564160809405e+41;4.498621159067941e+41;7.103156175355493e+41;1.1400746242239426e+42;1.6769550906301684e+42;2.7227064300811008e+42;7.016156706889954e+42;1.2922001725321145e+43;2.7115669921704454e+43;4.60652880531761e+43;5.825452125522829e+43;6.700995821552003e+43;7.322232669750469e+43;7.83508844884287e+43;8.144828222434131e+43;8.356027713482434e+43;8.298834562934702e+43
1.4690070788899887;2.732077581520967e+39;8.908499545836218e+39;1.9334497729660046e+40;5.01932468229358e+40;1.2578177004153272e+41;2.5917449737415765e+41;5.072637935635496e+41;7.915601839560194e+41;1.2804577053371706e+42;1.8781539473965666e+42;3.020979396798339e+42;7.743619893590822e+42;1.4127197179093135e+43;2.936053383150399e+43;4.917663248542427e+43;6.18468983914218e+43;7.081019210385635e+43;7.733549722483848e+43;8.2312378577288475e+43;8.551426564912695e+43;8.779191175871647e+43;8.707859220085714e+43
1.4655342489162537;3.0611309913201246e+39;9.967921016394824e+39;2.163101775310111e+40;5.632176513319262e+40;1.4042307289323553e+41;2.8909038741724863e+41;5.656342181914179e+41;8.776533440567047e+41;1.4204659876392033e+42;2.086070971210613e+42;3.3379114842768297e+42;8.524293167368183e+42;1.5484388235068545e+43;3.1647714158944825e+43;5.233847987895552e+43;6.541429584893955e+43;7.451983823562863e+43;8.110884589198511e+43;8.671673415901833e+43;8.984833635839444e+43;9.205281960387398e+43;9.150332499662222e+43
1.4620778002159793;3.4164598435618044e+39;1.113553160326568e+40;2.4263050743930006e+40;6.306880715981895e+40;1.568715144780246e+41;3.1971304155469982e+41;6.274563027427407e+41;9.746819789640947e+41;1.5727524485008266e+42;2.2774780553901383e+42;3.6608639598301524e+42;9.353228574025237e+42;1.6833517980324834e+43;3.397988813794648e+43;5.530584884035281e+43;6.877177146324493e+43;7.819840319010054e+43;8.495591778154166e+43;9.076785953415349e+43;9.42842808684116e+43;9.643948584192926e+43;9.59864101558713e+43
1.4586376171566477;3.807532559831926e+39;1.2440586590331442e+40;2.6932304318179665e+40;7.030009122287119e+40;1.748225877372769e+41;3.564820262473234e+41;6.94987892742287e+41;1.0778908181359361e+42;1.7351988741406203e+42;2.5143128217020774e+42;4.048751845546117e+42;1.0258511405029428e+43;1.823384125718316e+43;3.62737382891725e+43;5.82865429497079e+43;7.207965902096282e+43;8.178228990457912e+43;8.863628093764715e+43;9.440549190610135e+43;9.809489284453714e+43;1.0057539752331272e+44;1.001031576312394e+44
1.4552135851914911;4.248891908622735e+39;1.379876105201611e+40;2.9920804106894613e+40;7.807754683603726e+40;1.93061502035809e+41;3.938426043860861e+41;7.67123332611341e+41;1.1951378695654171e+42;1.9265581640512138e+42;2.7769723386029255e+42;4.43114404504665e+42;1.1250517458681235e+43;1.9654772960875893e+43;3.853614388329961e+43;6.127302486222093e+43;7.527462189451998e+43;8.538080606656865e+43;9.239948352358263e+43;9.84546295322228e+43;1.0176502012897922e+44;1.044020432600619e+44;1.0416630068726985e+44
1.4518055908467804;4.719538639046512e+39;1.5262262572631652e+40;3.334502193769861e+40;8.605062030370699e+40;2.1310895454318996e+41;4.350375696865892e+41;8.467488909484586e+41;1.3095820818395746e+42;2.1048819040080073e+42;3.017433783864815e+42;4.842865554557185e+42;1.2209728729493185e+43;2.104625026773852e+43;4.060932832166902e+43;6.384769773728898e+43;7.831751767364839e+43;8.842122470075616e+43;9.56967185150278e+43;1.0187423347476784e+44;1.054480907912336e+44;1.080688388462556e+44;1.078470218279797e+44
1.448413521709288;5.2115976759973205e+39;1.693285752920465e+40;3.680830066706074e+40;9.477710794087344e+40;2.3818724497899297e+41;4.803156331047803e+41;9.305414424789766e+41;1.438097944773984e+42;2.2918827449696996e+42;3.2590770962360567e+42;5.1668708113206e+42;1.31555647262994e+43;2.250823396461579e+43;4.256519573074593e+43;6.639622691093312e+43;8.12066637812354e+43;9.117336799663307e+43;9.861864550371424e+43;1.0498081346832961e+44;1.0879630139742154e+44;1.115082549122893e+44;1.112367951219234e+44
1.4450372664139284;5.783598981383182e+39;1.875665079369634e+40;4.0757855143412866e+40;1.0526567027578808e+41;2.616525583713565e+41;5.283709119655985e+41;1.015830191362956e+42;1.572034486568654e+42;2.496149070659614e+42;3.545861918269051e+42;5.516520275787797e+42;1.4059217723177055e+43;2.37702374406809e+43;4.431197794305575e+43;6.822436924153456e+43;8.314204944179801e+43;9.330597677260969e+43;1.009888490198327e+44;1.073459020335705e+44;1.1130812172178218e+44;1.141934526466357e+44;1.1416453175721859e+44
1.4416767146315705;6.43870637260099e+39;2.0734199235479808e+40;4.532924066515533e+40;1.1573812007132291e+41;2.8742741522592207e+41;5.791269622033537e+41;1.116351385968204e+42;1.7037793946819123e+42;2.699553834422097e+42;3.814368217758119e+42;5.934452823966e+42;1.4922918738312372e+43;2.4906306123567013e+43;4.572079798798498e+43;6.96918641584432e+43;8.478255520017358e+43;9.514752001217682e+43;1.0291550138289225e+44;1.0928071461148005e+44;1.1349732474294466e+44;1.1663808263274933e+44;1.1707369412756655e+44
1.438331757057019;7.141645235308709e+39;2.305313234100348e+40;4.987896401463182e+40;1.2851389874354175e+41;3.166503085723012e+41;6.349585763819129e+41;1.2093752264725418e+42;1.8392330623022267e+42;2.879481344349607e+42;4.0693422179106103e+42;6.273339394257808e+42;1.5777310652001176e+43;2.60247782474595e+43;4.696265163595168e+43;7.109015124328031e+43;8.631333061428888e+43;9.667571230851769e+43;1.0439628131419145e+44;1.110663627771126e+44;1.1568237278470357e+44;1.1897015142498082e+44;1.1972008026437327e+44
1.4350022853971651;7.973667784927315e+39;2.554268839559528e+40;5.556252829906772e+40;1.4180685624712831e+41;3.4703473805271665e+41;6.900773544777681e+41;1.3025582407045358e+42;1.970981395592045e+42;3.081172989098678e+42;4.294802839816426e+42;6.558511966642097e+42;1.6442059264652064e+43;2.684207202999618e+43;4.777385849571618e+43;7.16691257448896e+43;8.677365989014175e+43;9.709025776987813e+43;1.0519146145551591e+44;1.119955596895619e+44;1.1709578284095627e+44;1.2044266771910284e+44;1.2136762236106841e+44
1.4316881923592963;8.841876488497399e+39;2.8341319442132164e+40;6.068097502406057e+40;1.5510690205739065e+41;3.741155045054886e+41;7.416651156294043e+41;1.3868390171205409e+42;2.080100921099054e+42;3.2173649136319264e+42;4.460990642374027e+42;6.79750918769776e+42;1.6841520912087841e+43;2.7290707572354916e+43;4.785003473301997e+43;7.1587990894133e+43;8.631521436621935e+43;9.711441736454703e+43;1.052189496680443e+44;1.1194112476676002e+44;1.1716597661038484e+44;1.209116324912536e+44;1.2216483714588e+44
1.4283893716395744;9.594455575119839e+39;3.043246631663757e+40;6.537453276126828e+40;1.653500662813062e+41;3.930344554011309e+41;7.741614508153144e+41;1.4321181744177553e+42;2.1279713890612165e+42;3.264865650671864e+42;4.519796197863367e+42;6.83586351284723e+42;1.691268076715116e+43;2.732738738020414e+43;4.746111520294802e+43;7.096010215364436e+43;8.536773561307127e+43;9.614864963633097e+43;1.045276111366548e+44;1.1133457414335466e+44;1.1659017071240578e+44;1.2042455860065724e+44;1.2226615355079883e+44
1.4251057179116673;9.629370358134356e+39;3.0493912492918336e+40;6.559791393327839e+40;1.6499468753323588e+41;3.917119916458238e+41;7.633629750289189e+41;1.414828281967036e+42;2.0994431798150434e+42;3.2101134463675593e+42;4.427875957469155e+42;6.671869464245019e+42;1.659837852765822e+43;2.670068947816873e+43;4.634058958497114e+43;6.912287179022606e+43;8.349414072942995e+43;9.423272703137464e+43;1.0261672345395385e+44;1.0984390373786681e+44;1.1507775814665772e+44;1.1953054759587292e+44;1.2139314285360918e+44
1.4218371268155396;8.088964763307159e+39;2.622021303084759e+40;5.712715207255836e+40;1.4494892986706527e+41;3.494890887922966e+41;6.8784351491128225e+41;1.2877292224511773e+42;1.9315702887733398e+42;2.971868577998822e+42;4.1349561911092164e+42;6.266567046174173e+42;1.5869649040581024e+43;2.5510734961205424e+43;4.432388073227132e+43;6.649052510556992e+43;8.075727730321416e+43;9.162052146306888e+43;9.992372397945331e+43;1.0739420462976235e+44;1.1283137565794718e+44;1.1788067034689214e+44;1.1986743860181868e+44
1.4185834949463965;5.670310453682772e+39;1.8869795931940533e+40;4.2033519258366603e+40;1.1069440675600061e+41;2.7316679201013703e+41;5.589115483948961e+41;1.080820066530416e+42;1.6374519379126943e+42;2.5729959507959906e+42;3.6197287299016844e+42;5.536494845747601e+42;1.4656627822374732e+43;2.3835921867245414e+43;4.177520194260732e+43;6.344611447989525e+43;7.739871455157974e+43;8.829897232312849e+43;9.673550456925946e+43;1.0437843782245243e+44;1.1039891236222104e+44;1.1524119943160647e+44;1.1790984810882709e+44
1.4153447198437792;3.722445343576317e+39;1.2474905683405998e+40;2.8269162843425627e+40;7.613011442865365e+40;1.971219031261284e+41;4.135179538040536e+41;8.297046697056464e+41;1.2866232804746464e+42;2.0758607868923804e+42;2.981723358444773e+42;4.713759264496227e+42;1.2977215320870573e+43;2.157610114109561e+43;3.8619726793655194e+43;5.953179807096058e+43;7.342755640228045e+43;8.44656398445853e+43;9.304402213905616e+43;1.011371933521416e+44;1.0718153173236919e+44;1.1216339605088252e+44;1.1523249329444168e+44
1.4121206999808091;2.531824151050728e+39;8.449635934367375e+39;1.91414923121296e+40;5.225293354035281e+40;1.372544213548381e+41;2.9481308199897484e+41;6.04929207129462e+41;9.64854932420708e+41;1.5961224133258418e+42;2.3330628120620456e+42;3.8096951184357666e+42;1.1024865420552325e+43;1.8896243923087098e+43;3.4943413582203686e+43;5.493706441956624e+43;6.901353712295795e+43;7.993959523465709e+43;8.865415948102095e+43;9.663698685720598e+43;1.0303724155892295e+44;1.0843229230666641e+44;1.1152588179998879e+44
1.4089113347535802;1.8513159893129132e+39;6.1033134116083e+39;1.3679380886051297e+40;3.6962466337702244e+40;9.758375731754172e+40;2.1219351294137918e+41;4.343159713272949e+41;7.024665525289556e+41;1.1841365101555481e+42;1.7540217050933692e+42;2.92302504170252e+42;8.979953035894736e+42;1.6000487540327813e+43;3.097821965623529e+43;5.019831350490615e+43;6.393040733793133e+43;7.479677836042539e+43;8.359499399834896e+43;9.157778372214991e+43;9.812959943042778e+43;1.0365932067209607e+44;1.0773538018751252e+44
1.4057165244706922;1.4163535433888044e+39;4.663926440197224e+39;1.0310501423450192e+40;2.752339354854929e+40;7.214018220478074e+40;1.5540345805245639e+41;3.1823626664600307e+41;5.137713697062974e+41;8.76683923822208e+41;1.3071799255998272e+42;2.208066497770557e+42;7.066225804459142e+42;1.3070397684712102e+43;2.6740576033829206e+43;4.53403106727826e+43;5.865303513837634e+43;6.966171701193076e+43;7.852399816555024e+43;8.661349479212613e+43;9.3361931866006e+43;9.91885907084309e+43;1.034539081223942e+44
1.4025361703429304;1.1207693522155052e+39;3.688406958633933e+39;8.152233360964807e+39;2.1519816975166618e+40;5.542573617049238e+40;1.1787070340107296e+41;2.3955703613080165e+41;3.874613494091477e+41;6.551296758723382e+41;9.760477510381326e+41;1.6728703363921165e+42;5.448061159374708e+42;1.0406196080711391e+43;2.2710506788830767e+43;4.0293825932140153e+43;5.320494880396462e+43;6.394388124838487e+43;7.313790454560493e+43;8.116099033738586e+43;8.828512384936309e+43;9.479900855910429e+43;9.900063722360155e+43
1.3993701744730818;8.981515192585079e+38;2.9226411605994974e+39;6.478408331423978e+39;1.7199471081334832e+40;4.400965115230091e+40;9.19916373324719e+40;1.885118835960025e+41;2.998306511358939e+41;5.0597099288814945e+41;7.494785118348088e+41;1.2933427540234194e+42;4.153885507609961e+42;8.17413901029678e+42;1.8839793796789206e+43;3.5095107941636127e+43;4.763012833534456e+43;5.821229974277256e+43;6.748328385249666e+43;7.571236016190055e+43;8.288612861725112e+43;8.940092621442417e+43;9.430338328687603e+43
1.3962184398458903;7.229739460739496e+38;2.3753921853588097e+39;5.2859228261643285e+39;1.3946446358314584e+40;3.520368093886676e+40;7.464190404431067e+40;1.5053045759537665e+41;2.4028940242727488e+41;4.062281097985973e+41;6.004335792281229e+41;1.012373209836592e+42;3.17492595253598e+42;6.339101486974975e+42;1.5148600239530128e+43;2.997419452854455e+43;4.200067289622413e+43;5.26476582354324e+43;6.160501775777101e+43;6.987716235707821e+43;7.710744170050132e+43;8.383481189776128e+43;8.899478737297898e+43
1.3930808703181468;5.962391714775642e+38;1.9284663964602533e+39;4.2851803714567547e+39;1.1467983904713738e+40;2.919580708345683e+40;6.11376281131175e+40;1.2296405542859992e+41;1.9275928539689543e+41;3.2804756171754317e+41;4.824963402537456e+41;8.11742158482901e+41;2.477656718698367e+42;4.9432473538914105e+42;1.2100258070746633e+43;2.54437077858584e+43;3.6686830669968433e+43;4.712488918392721e+43;5.637652622088696e+43;6.447806056376474e+43;7.189483246445594e+43;7.87664472651505e+43;8.408823370120053e+43
1.389957370608913;5.020203055261253e+38;1.6476011596810337e+39;3.604861128865081e+39;9.58484817009804e+39;2.4481642572531396e+40;5.079204838073387e+40;1.0230173190217826e+41;1.6205244741610542e+41;2.7055030606938725e+41;3.9768259038647575e+41;6.64424051097701e+41;1.9768858644236346e+42;3.9090605795685405e+42;9.649263762701084e+42;2.120309375263982e+43;3.15433955465825e+43;4.1598184958104423e+43;5.059369897364807e+43;5.89188713422523e+43;6.626699944654272e+43;7.332453147282866e+43;7.874933740529391e+43
1.3868478462898777;4.190451303575953e+38;1.378104381354789e+39;3.066492991799447e+39;8.196787109717297e+39;2.0675833369956674e+40;4.3263870918070776e+40;8.656473813316436e+40;1.3559847188428687e+41;2.2731204078838123e+41;3.33375754676812e+41;5.48221250201725e+41;1.6042106690017913e+42;3.122509205114273e+42;7.656064085753489e+42;1.7251819152491088e+43;2.6538068554335713e+43;3.596982556042265e+43;4.490565829963453e+43;5.318244025349817e+43;6.063696460804077e+43;6.781100644807432e+43;7.340445402028538e+43
1.3837522037758376;3.662630669345944e+38;1.2010743524791192e+39;2.6440605113322263e+39;7.056646568723169e+39;1.7723510736631908e+40;3.712410576112703e+40;7.428721091195224e+40;1.1721699560943479e+41;1.9389114129540706e+41;2.8261646821567056e+41;4.6758881922335595e+41;1.3103891409132071e+42;2.5047985441022643e+42;6.113760484164718e+42;1.3837348107478864e+43;2.1928269250730365e+43;3.0794458868200037e+43;3.9290478058493093e+43;4.746429070508526e+43;5.500149158743296e+43;6.217537491144348e+43;6.818937003714392e+43
1.3806703503153124;3.2281641099404486e+38;1.0523690704859874e+39;2.3288391252001008e+39;6.149625615952167e+39;1.5373035349182103e+40;3.221020551071248e+40;6.396180365743759e+40;1.0071206306145557e+41;1.6586522212732238e+41;2.3874187785407525e+41;3.968396195641372e+41;1.083971823835652e+42;2.0442666367604735e+42;4.9452806993239493e+42;1.106515401382803e+43;1.7937432686684983e+43;2.5935801432698004e+43;3.371139690822524e+43;4.162848075456581e+43;4.90699084994208e+43;5.629120471841425e+43;6.275809674640123e+43
1.3776021939812784;2.8657671462633426e+38;9.401160031740404e+38;2.045968825667387e+39;5.505467041944576e+39;1.3654697045729818e+40;2.8150930267731116e+40;5.552965073490827e+40;8.688082874259217e+40;1.4283885181703434e+41;2.0580842198726235e+41;3.383662047175996e+41;8.976484266987087e+41;1.7081710955455842e+42;4.013396650570534e+42;8.947756800856932e+42;1.4718245902892828e+43;2.1566546651827974e+43;2.871491090672076e+43;3.6291303063782358e+43;4.378223736011144e+43;5.102486955978665e+43;5.733833380656397e+43
1.3745476436620294;2.5967843813201472e+38;8.398065622949872e+38;1.856916208018763e+39;4.890320642078906e+39;1.2141486321370431e+40;2.5021534570805834e+40;4.900677952108448e+40;7.609115230545138e+40;1.2334177622376676e+41;1.782140176797099e+41;2.8745814234748012e+41;7.500475946162098e+41;1.4263190746786823e+42;3.287401215357215e+42;7.259676950227057e+42;1.1986176403171367e+43;1.7848346764714294e+43;2.4326400621306587e+43;3.147951146700028e+43;3.868026585600637e+43;4.580554571839908e+43;5.217048468661638e+43
1.3715066090521577;2.346912919179225e+38;7.536838512018424e+38;1.6617471276149082e+39;4.338651044371293e+39;1.084051780277258e+40;2.2031050811939126e+40;4.292962907135124e+40;6.661492893852927e+40;1.0763737214638102e+41;1.53304523191512e+41;2.4688289820583133e+41;6.374374892778135e+41;1.182351187733624e+42;2.711712588688134e+42;5.974040192675239e+42;9.686425649156835e+42;1.4604598322340443e+43;2.0251094312614953e+43;2.6759445083084975e+43;3.3312729620662123e+43;4.04607018496152e+43;4.712529374051631e+43
1.368479000643654;2.077872429095522e+38;6.711375439990789e+38;1.462755442769737e+39;3.812755333107689e+39;9.646622139880239e+39;1.9506106757298031e+40;3.7662766389229684e+40;5.850271823890198e+40;9.360505987968243e+40;1.324400929542033e+41;2.143633172064547e+41;5.4109525586556894e+41;9.996023810320782e+41;2.2703835465502718e+42;4.943125610663453e+42;7.93600744138305e+42;1.1929566940308934e+43;1.6654900979017574e+43;2.2423044388781745e+43;2.869488447376349e+43;3.5337962670970486e+43;4.1979333484878964e+43
1.365464729717126;1.8179528147180297e+38;5.958022353268832e+38;1.3076709855449639e+39;3.439109076564799e+39;8.481196350280995e+39;1.7280777662888416e+40;3.3010635290171212e+40;5.0615407690244305e+40;8.127081765541816e+40;1.1524070788946723e+41;1.8433575443582488e+41;4.502977916731239e+41;8.497091101503267e+41;1.893131671071477e+42;4.071312896799536e+42;6.520718052903076e+42;9.71458841951171e+42;1.3642881086142481e+43;1.877854439357903e+43;2.433211248309931e+43;3.0347703034674288e+43;3.6744981388986954e+43
1.3624637083331324;1.5803655019264516e+38;5.209765988602289e+38;1.1479178123108254e+39;3.0623088172164176e+39;7.564768037916123e+39;1.5214728944136183e+40;2.871343729491532e+40;4.412911017090286e+40;7.104258690865243e+40;1.0021240064406737e+41;1.5891226537873566e+41;3.836200484894793e+41;7.08963255406313e+41;1.57849991179799e+42;3.3563120861417215e+42;5.300302269238766e+42;7.949069896264121e+42;1.1124826893367243e+43;1.5365277302838217e+43;2.013875225971209e+43;2.5718513221090935e+43;3.1845982753729626e+43
1.35947584932363;1.4277488612909802e+38;4.6722029994100656e+38;1.0067954028745407e+39;2.6726824211702615e+39;6.588393271563426e+39;1.3287436852627684e+40;2.51876235536333e+40;3.840231908769519e+40;6.133207086211217e+40;8.531210138705415e+40;1.3520175071322602e+41;3.2890758903301666e+41;6.016427696670892e+41;1.346496440139845e+42;2.8165031393645636e+42;4.418522814658699e+42;6.542860305985814e+42;9.129243243724841e+42;1.2492740164954635e+43;1.671737955822233e+43;2.1638448897076902e+43;2.73737561223402e+43
1.3565010662835344;1.249254882277806e+38;4.038104788125852e+38;8.80486175815963e+38;2.3192470601185847e+39;5.748529199020277e+39;1.1554112690838905e+40;2.1943761072466168e+40;3.321118421012271e+40;5.276309452459334e+40;7.337745175005055e+40;1.1634946787936159e+41;2.80396068145048e+41;5.153440422067315e+41;1.1386461605166622e+42;2.395102404724021e+42;3.6978009407517e+42;5.466407536498543e+42;7.613901546789705e+42;1.0292861591995627e+43;1.3739530228506088e+43;1.7931476131805739e+43;2.318337541634428e+43
1.3535392735623915;1.0709814334867132e+38;3.515237841768381e+38;7.703155973052071e+38;1.9962664697929603e+39;4.9254864030892986e+39;9.925329985018422e+39;1.8954540186231116e+40;2.864958229421698e+40;4.53552253565154e+40;6.309592541494077e+40;1.0018473011834849e+41;2.3994487333121848e+41;4.368005809936464e+41;9.452861684459865e+41;2.002224061837234e+42;3.1079993458092834e+42;4.522325897351501e+42;6.282432439714963e+42;8.519043802348123e+42;1.1298129963730162e+43;1.474549462391103e+43;1.9347643628609757e+43
1.3505903862561552;9.24433758663341e+37;2.943085660980958e+38;6.560351687904993e+38;1.739843376933882e+39;4.2382496665086127e+39;8.596377565261733e+39;1.6225097639605697e+40;2.4621024079882554e+40;3.872756687051774e+40;5.357931013557872e+40;8.44102160722753e+40;2.0306425848839682e+41;3.640030692068458e+41;8.084776704037337e+41;1.708956119008565e+42;2.6366663292953892e+42;3.771169324591356e+42;5.239707045878679e+42;7.071832538346125e+42;9.378993447353154e+42;1.2329884660401e+43;1.6098422208995376e+43
1.3476543201990767;7.789828967991687e+37;2.6187268584662394e+38;5.6203742646947755e+38;1.4687816893532625e+39;3.698960479559584e+39;7.353635506284157e+39;1.3834968696535657e+40;2.082417130420727e+40;3.2801560199581024e+40;4.55611387184247e+40;7.198593363068892e+40;1.7175564285566555e+41;3.122127400160768e+41;6.8350753753690775e+41;1.468730850302933e+42;2.2426953937060283e+42;3.215658406285512e+42;4.401802755269594e+42;5.894422172074814e+42;7.713725792585375e+42;1.0195860587049229e+43;1.3359322383059716e+43
1.3447309919556947;6.44207115135817e+37;2.2016357247126046e+38;4.867502701916742e+38;1.2599762238392488e+39;3.182068338328433e+39;6.229244184183267e+39;1.183544662452356e+40;1.7668999662314859e+40;2.7624389793390133e+40;3.85118469999306e+40;6.054355743977766e+40;1.4930185933446307e+41;2.6913548080533484e+41;5.850527786954867e+41;1.2534467790140721e+42;1.9357086635325575e+42;2.7458268983522627e+42;3.7121392139730127e+42;4.9634359684875185e+42;6.449476729229072e+42;8.432431602294497e+42;1.1045909658818226e+43
1.3418203188129334;5.601664979582674e+37;1.7955571702517944e+38;3.997351205732307e+38;1.047343028892656e+39;2.6450611177200766e+39;5.246454862043617e+39;9.801847549304869e+39;1.4906795764473727e+40;2.3565938802965367e+40;3.2391105559478387e+40;5.077107188481597e+40;1.2730511096243177e+41;2.3007588277233988e+41;5.090133211756981e+41;1.0798127781587722e+42;1.6408226372495e+42;2.3356516542006142e+42;3.146608831513637e+42;4.159491997608735e+42;5.461752000529163e+42;6.999257691410814e+42;9.137614208495587e+42
1.3389222187723009;4.587742745224515e+37;1.4930836232602897e+38;3.3175903380794175e+38;8.89990010456655e+38;2.2219690419945724e+39;4.4018172455709603e+39;8.304927081632448e+39;1.255186778967344e+40;1.9564996945837144e+40;2.654190981972491e+40;4.204741480839896e+40;1.0916980093908131e+41;1.911146532851602e+41;4.2769705470304265e+41;9.26933169379327e+41;1.4080217184703408e+42;2.0193258819507606e+42;2.672795364594582e+42;3.560511656422309e+42;4.5450064789217846e+42;5.901195220675713e+42;7.690063531836634e+42
1.3360366105421881;3.655401201088456e+37;1.266412644264688e+38;2.8773941972894418e+38;7.511787295013095e+38;1.858293695651628e+39;3.636136562892176e+39;6.918922920734211e+39;1.0437413323843744e+40;1.6190314256973663e+40;2.1997459024097925e+40;3.507191987631082e+40;9.314648365047756e+40;1.628894615702334e+41;3.66763407590047e+41;7.978649609415915e+41;1.221933255810741e+42;1.7574224548928257e+42;2.3094986080877497e+42;3.0220656748644296e+42;3.835079850693725e+42;4.970520297327652e+42;6.519014899241861e+42
1.3331634135302692;3.1472044818649035e+37;1.0391106929797069e+38;2.3299090467576107e+38;6.4565641086655716e+38;1.5209299563683274e+39;3.071282354663955e+39;5.71221650859119e+39;8.717556434785973e+39;1.3700267993144303e+40;1.8803224922683152e+40;2.911500877438781e+40;8.062436295075761e+40;1.3920986541035904e+41;3.1950134352255493e+41;6.679833449026372e+41;1.034261073902962e+42;1.497223641847678e+42;1.9764459338968716e+42;2.6101609017181903e+42;3.3007301205320457e+42;4.234422368831463e+42;5.396765959573498e+42
1.3303025478359984;2.5689114873817773e+37;8.441642300468815e+37;1.9316954663694995e+38;5.1035784322720054e+38;1.2386996961351642e+39;2.5308002029235025e+39;4.761216340469647e+39;7.279829980877395e+39;1.1325128037187067e+40;1.5538582170565787e+40;2.428323492920229e+40;6.714712531807248e+40;1.177302043564674e+41;2.683721317685563e+41;5.858813402739106e+41;8.941423646417804e+41;1.276348552181731e+42;1.7006596518608464e+42;2.2287459481078683e+42;2.819607097501445e+42;3.5574738908795743e+42;4.55140775914877e+42
1.327453934243202;2.105011910576872e+37;7.14722214456784e+37;1.5244499147903696e+38;4.028142691924759e+38;1.0421519712608875e+39;2.0563117154562303e+39;3.94849007742646e+39;5.997128691750629e+39;9.441580367256739e+39;1.2954824672451145e+40;1.9977149946597459e+40;5.892950656934328e+40;1.0161585398570958e+41;2.287351291194393e+41;4.903150983172517e+41;7.597662754453555e+41;1.1036397857630975e+42;1.486557430164489e+42;1.9075164600350852e+42;2.4233647383925954e+42;3.0431274196225117e+42;3.895005557685182e+42
1.3246174942127678;1.6343726499732168e+37;6.139507235531678e+37;1.3513452898223966e+38;3.534220439008255e+38;8.424992119591413e+38;1.6923071965610623e+39;3.2828485122491325e+39;4.909715746311151e+39;7.815309826650656e+39;1.069132256099534e+40;1.647365568647334e+40;5.032302809597983e+40;8.663644586334419e+40;1.9884407906097435e+41;4.249236142008526e+41;6.647779012887144e+41;9.601436731870887e+41;1.3023172066344866e+42;1.6368186759500866e+42;2.133573758970961e+42;2.6358350750194903e+42;3.352455565420755e+42
1.321793149875427;1.4753044411993806e+37;4.403866710755217e+37;1.09356780007241e+38;2.8277409058431766e+38;7.162964998660809e+38;1.410342352939394e+39;2.692916044634401e+39;4.167412201188078e+39;6.392729853722334e+39;8.715255809519011e+39;1.3814524883370726e+40;4.15994213210617e+40;7.297166501586696e+40;1.6650143676827791e+41;3.860623858881318e+41;5.739440239614351e+41;8.291981471143566e+41;1.0941534022575268e+42;1.4734708119050516e+42;1.7956261021695147e+42;2.3078893374253877e+42;2.9408198763582196e+42
1.3189808240246281;1.20414872288382e+37;3.8253216052394125e+37;8.769158630776954e+37;2.2367402218850053e+38;6.12889883519423e+38;1.1309209191571679e+39;2.2281338057670177e+39;3.3275061479958606e+39;5.324750813738347e+39;7.182091187132479e+39;1.137755552850368e+40;3.5926670518138296e+40;6.520774975678703e+40;1.4342406528221186e+41;3.326073463692249e+41;4.9648905058481185e+41;7.262133870943427e+41;9.561125945030458e+41;1.2612777151870039e+42;1.5643743969920842e+42;2.000711888727414e+42;2.520796127371238e+42
1.3161804401095016;9.750305314525241e+36;3.0928018946341517e+37;6.984566120656088e+37;1.9483563839391474e+38;4.7395853386025974e+38;9.509084259701318e+38;1.8175278512371918e+39;2.746814617581801e+39;4.3593543913960466e+39;6.027960706148582e+39;9.178280815637139e+39;3.0857476978692993e+40;5.884490200119608e+40;1.258513605741656e+41;2.768049713567427e+41;4.460191399058182e+41;6.493421282135128e+41;8.35796837847199e+41;1.0833778847465338e+42;1.3765300417059098e+42;1.7443783759040988e+42;2.1615097984930026e+42
1.3133919222279136;7.811195994297615e+36;2.3547941353080404e+37;6.151110929526395e+37;1.5789386371408063e+38;3.9081899693638155e+38;7.606578903967147e+38;1.4804722368735235e+39;2.251114862640499e+39;3.662614245388716e+39;5.082559481867145e+39;7.436257246420294e+39;2.705982699153563e+40;4.790730330590829e+40;1.1189900106471463e+41;2.41332104986575e+41;3.7875355528106776e+41;5.687183554042023e+41;7.255095447016068e+41;9.557312750560423e+41;1.201169513779592e+42;1.5404909583068054e+42;1.8976686710786328e+42
1.3106151951196094;5.74920186271683e+36;1.8927269783862567e+37;4.979928319320042e+37;1.2604807584462814e+38;3.2437435310220788e+38;6.138897663338249e+38;1.2344659471285629e+39;1.904885957954133e+39;3.039210448837801e+39;4.19460361577354e+39;6.271742003671162e+39;2.4062324645958057e+40;4.125141361695329e+40;9.668048667283295e+40;2.1820473654827048e+41;3.203524289319441e+41;4.755784959912747e+41;6.347361916811764e+41;8.19116480796007e+41;1.0333471119715896e+42;1.3255851944347107e+42;1.6934784145178025e+42
1.3078501841594414;5.132948894358865e+36;1.60558595149971e+37;3.7048011414641606e+37;1.0636866126675437e+38;2.858210504185405e+38;5.040908611875226e+38;1.0092870458815763e+39;1.5583767071943806e+39;2.499942193450903e+39;3.410176362716345e+39;5.2164350244827245e+39;1.9794117827273334e+40;3.53078505309425e+40;8.347658536076491e+40;1.928676196214829e+41;2.9498115307130495e+41;4.120861538869502e+41;5.498453255788044e+41;7.299562227598798e+41;9.043254189362915e+41;1.1867844824614455e+42;1.467770471605932e+42
1.3050968153506848;4.480612617063369e+36;1.6879772413130237e+37;2.86647579527208e+37;1.0259628748401186e+38;1.987775616555974e+38;4.142575748799835e+38;8.42109103084529e+38;1.3329492444183069e+39;2.0553192138599177e+39;2.914071880232031e+39;4.338833930764631e+39;1.565223440495617e+40;3.130277047322185e+40;6.967427359279742e+40;1.6439775478609825e+41;2.6297606073122685e+41;3.552322514350965e+41;4.99127681689764e+41;6.350296979997358e+41;8.07800959282537e+41;1.0263838289249582e+42;1.2727379243526898e+42
1.3023550153184353;3.535822458195647e+36;1.3893015221340808e+37;2.531072978072273e+37;8.012262819477181e+37;1.6200276000911949e+38;3.3444593626360453e+38;6.544028065445315e+38;1.0794785893113112e+39;1.7081493835216188e+39;2.429008914478195e+39;3.476653858110691e+39;1.538592188545602e+40;2.670455343047823e+40;5.764245792559689e+40;1.3856102859744332e+41;2.272945490938404e+41;3.134172059288474e+41;4.410972594066464e+41;5.5564170699466954e+41;6.903655455235251e+41;8.815526607707857e+41;1.1403530593411567e+42
1.2996247113030928;3.276253590647462e+36;8.963058335855982e+36;2.148028561993818e+37;7.393281202513441e+37;1.380497116299076e+38;2.5710764547046258e+38;5.195308820061259e+38;9.013808632625402e+38;1.496659020508961e+39;1.978380571222239e+39;2.775141169084519e+39;1.0478830726798487e+40;2.0505323949218808e+40;5.298108403744174e+40;1.2303901755087823e+41;2.0103403568581713e+41;2.742878414667839e+41;3.757022013744274e+41;4.9671435707785044e+41;6.3612809899755525e+41;7.899305870603858e+41;9.683132828407692e+41
1.2969058311539232;2.3943477800424988e+36;8.012328982362306e+36;1.9096663531680146e+37;5.913210673459303e+37;1.3961983424484557e+38;2.039512978017217e+38;4.210410504895013e+38;7.333030435432724e+38;1.2321404175473003e+39;1.7029067946999834e+39;2.5805511507632565e+39;8.127410360229055e+39;1.621145856319534e+40;4.17046331743775e+40;9.775374861992014e+40;1.651184439428277e+41;2.49956381665643e+41;3.12971169153424e+41;4.133071413062183e+41;5.533108756900166e+41;6.8713830762935094e+41;8.53785458185926e+41
1.2941983033227042;1.3441141672973168e+36;6.231017354295888e+36;1.1509430220813085e+37;3.609403869166439e+37;1.2424830837480103e+38;1.8660195794322435e+38;3.7688186907483644e+38;5.472272993616387e+38;9.958395144425338e+38;1.4452709351728307e+39;2.085250303254273e+39;8.59587027655193e+39;1.4519103079965076e+40;3.502090725788301e+40;8.457692764838589e+40;1.413586451144814e+41;2.30374293033842e+41;2.8095751259005174e+41;3.663834265366381e+41;4.293852952503536e+41;5.924080707862028e+41;7.73239915959278e+41
1.2915020568574485;6.165511846913147e+35;3.6247697984160967e+36;1.1903397859241277e+37;3.214814854405425e+37;1.0387626325790538e+38;1.4840948622505082e+38;3.18847840841797e+38;5.450300151244273e+38;7.87896914697775e+38;1.2168821587994322e+39;1.4801080276582837e+39;6.72791194775985e+39;1.2716468303050025e+40;3.2698539030891085e+40;7.29236450597727e+40;1.1308823235002055e+41;1.7930513150639615e+41;2.446608211665215e+41;3.373153423003742e+41;3.984116016549916e+41;5.406193047841032e+41;6.696986991691581e+41
1.2888170213962065;1.1640548145424477e+36;5.871027581310499e+36;9.375340927577407e+36;3.6930170364636597e+37;6.479592834907203e+37;1.3821667638246877e+38;2.5818671766098032e+38;4.0443593851441024e+38;6.433277066864892e+38;9.577507124291445e+38;1.2025239699293066e+39;6.410218395284418e+39;9.474282922951449e+39;3.5627062012421317e+40;5.914083613339721e+40;9.743596557808368e+40;1.5952224730664824e+41;2.0210149953105675e+41;2.972599299886701e+41;3.919744145680584e+41;4.704195139213139e+41;5.648333679450132e+41
1.2861431271609447;3.1297526698851634e+35;1.1071604126183501e+36;3.918375473110944e+36;2.396438731893208e+37;6.627160339211224e+37;1.0816170420504687e+38;1.957521584518699e+38;3.3603009570861392e+38;5.613876252019164e+38;7.386069028093508e+38;9.927448716254365e+38;5.3530657266591223e+39;8.469965957365747e+39;2.6256494951156277e+40;5.550373419384132e+40;8.001901860051203e+40;1.4601430202698211e+41;1.756421411591976e+41;2.507035477048739e+41;3.3940865335001656e+41;4.150730879464428e+41;5.217817311644395e+41
1.2834803049515016;-1.6477061377902456e+35;1.9629886478871312e+36;7.609032413193939e+36;2.452850690926588e+37;6.865086417219146e+37;7.194608950225177e+37;1.833560422926111e+38;2.112744392962019e+38;5.433507177632936e+38;6.054864440960512e+38;8.118573173686753e+38;5.458736459641711e+39;8.567095456724139e+39;2.199034132238384e+40;5.121473043924191e+40;7.601812417658816e+40;1.1661883722350246e+41;1.6415592177717707e+41;2.2018811333801135e+41;2.6890896227044956e+41;3.49266058650976e+41;4.69065399267644e+41
1.2808284861396182;-1.1369847304841967e+36;5.712171577141828e+36;4.109043757419984e+36;3.16843247150623e+37;5.210735329688895e+37;6.022949654336638e+37;1.4276499424681784e+38;3.0138248709045395e+38;3.4022845584417285e+38;4.701670873106276e+38;4.821397223171479e+38;3.4413070958804417e+39;5.0630756771876455e+39;1.5218303256264477e+40;4.070534571909608e+40;5.960232483144128e+40;9.802912922641508e+40;1.4372549693935995e+41;2.0423064729844017e+41;2.4640529617045345e+41;3.2708646903858963e+41;3.933209392648976e+41
1.2781876026630419;-1.132978764608171e+36;1.859409029586308e+36;2.1371838189663355e+36;2.968850626400824e+37;2.0673247096288003e+37;3.569651315097748e+37;1.2689119587178564e+38;2.7203654237592103e+38;3.63537126237282e+38;4.253453048239059e+38;3.128322264606472e+38;3.633908675369999e+39;4.186435251861474e+39;1.3303962821245932e+40;3.326767347817353e+40;5.438944573945992e+40;8.392022378367835e+40;1.1639067649117016e+41;1.7193520607890035e+41;2.042686209494913e+41;2.8904316092369182e+41;3.296528579421702e+41
1.2755575870197022;-9.96227589089659e+35;1.2651160602935708e+36;5.901768300268178e+36;2.411623953443897e+37;6.234777119759559e+37;2.9961023482970357e+37;1.1228633732491178e+38;1.669854346338091e+38;3.0262184316015746e+38;2.7963693446856456e+38;4.532346429920202e+38;2.832833245054158e+39;4.4549886776051425e+39;1.0476868317978156e+40;3.0618349060055795e+40;5.134166491476441e+40;7.730564972292263e+40;8.591020629237229e+40;1.5456214061490404e+41;1.7588094437141912e+41;2.4430714152900607e+41;3.0997000441015725e+41
1.2729383722619614;1.5874860004879209e+35;-2.124957089411546e+36;2.5446745986003723e+36;1.3789558395143457e+37;5.967146396686881e+37;3.818363233602586e+37;1.0763159297029406e+38;1.8964231492165332e+38;2.4194136436094705e+38;1.986573417793772e+38;8.31956308520518e+37;2.090632392591627e+39;1.4618215499959113e+39;1.1962224946013269e+40;2.554820173492701e+40;4.131133327219324e+40;8.304826609860319e+40;8.330104978536399e+40;1.3476918124567514e+41;1.6134008180658674e+41;2.031850666890474e+41;2.8496155360983277e+41
1.270329891990933;-2.8202390265724296e+35;1.3344710111409746e+36;1.482432153249603e+36;1.1013440374506767e+37;1.743580979296275e+37;2.289245866761357e+37;8.859998113324814e+37;9.50494149960914e+37;2.995192757260196e+38;2.8266979994014675e+38;-1.8346998989191623e+38;2.9164822198095893e+39;2.193765133153879e+39;1.0904180419190084e+40;1.6361379233183534e+40;4.195964948874412e+40;6.414806762109487e+40;8.055810179267353e+40;1.2473226690832326e+41;1.3003522843434891e+41;1.788259097330593e+41;2.326028025848618e+41
1.2677320803508698;-9.297977757662796e+35;-1.0865784664058367e+36;1.8010363493131895e+36;3.303837215970449e+36;2.8155475008464833e+37;6.167643719642144e+36;1.0411915246548325e+36;2.3961102887161653e+37;2.3006934482616964e+38;3.2662409290767783e+38;-4.528274604458016e+38;2.1314343530155514e+39;-5.173203735404607e+38;7.510199932414207e+39;1.330758928792745e+40;3.295506199846659e+40;4.946878256041277e+40;6.84514037457371e+40;1.0878134634649576e+41;1.176449303739725e+41;1.7290811641908867e+41;2.04967764257286e+41
1.265144872023623;-5.5667771527188154e+35;-2.90582918446282e+36;-1.2585100224769208e+36;1.5524868048285e+37;-2.8829785685869123e+37;1.8665401980283592e+36;2.822210294715684e+37;1.4047055104484255e+38;2.045778390961206e+38;2.1670977446706203e+38;-1.516481437170339e+38;2.900501744013228e+38;7.154402647872884e+38;-2.468842276750831e+39;1.9756149792227328e+40;1.321204079037037e+40;3.659186748025827e+40;6.062430855182748e+40;7.0026939859580215e+40;9.927310924693556e+40;1.4533760235854388e+41;1.8275142537128185e+41

